%% caso 1
E1rms_or = [140.031939621531 145.894621221566 152.035036081088 158.464201122930 165.192890369772 172.231460945521 179.589642645991 187.276285318538 195.299057659792 203.664090425933 212.375556489434 221.435179722773 230.841664415196 240.590036927823 250.670891687262 261.069534562247 271.765018350675 282.729067752343 293.924895078252 305.305913343671 316.814360619363 328.379858877165 339.917942322717 351.328604522582 362.494930497401 373.281899096317 383.535461747088 393.082024959432 401.728484021902 409.262971794682 415.456496344934 420.065640899434 422.836485573882 423.509879433140 421.828141893168 417.543205204892 410.426129990279 400.277845278470 386.940904739468 370.312048945524 350.355484615013 327.117158750224 300.741174845565 271.491463205632 239.786378569131 206.265139646051 171.934580243388 138.524074424894 109.348493894436 90.7916851582907 90.7916851582906 109.348493894435 138.524074424893 171.934580243387 206.265139646051 239.786378569130 271.491463205631 300.741174845565 327.117158750223 350.355484615012 370.312048945524 386.940904739467 400.277845278470 410.426129990278 417.543205204892 421.828141893168 423.509879433139 422.836485573882 420.065640899434 415.456496344934 409.262971794682 401.728484021902 393.082024959431 383.535461747087 373.281899096317 362.494930497401 351.328604522582 339.917942322716 328.379858877164 316.814360619363 305.305913343670 293.924895078252 282.729067752343 271.765018350674 261.069534562246 250.670891687262 240.590036927822 230.841664415196 221.435179722773 212.375556489434 203.664090425932 195.299057659792 187.276285318538 179.589642645990 172.231460945521 165.192890369772 158.464201122929 152.035036081087 145.894621221566 140.031939621531];
E2rms_or = [1552.25056827995 1615.16094491835 1680.24991960434 1747.45790273704 1816.69494084353 1887.83589934115 1960.71529907886 2035.12188395536 2110.79303608247 2187.40920215767 2264.58854970680 2341.88213357035 2418.76991916499 2494.65807588347 2568.87801595036 2640.68770366406 2709.27578794052 2773.76910677570 2833.24406455263 2886.74228191383 2933.29075600190 2971.92654421851 3001.72570260882 3021.83588486152 3031.51166333845 3030.15130087043 3017.33341651761 2992.85178315675 2956.74639294902 2909.32893439840 2851.20092459848 2783.26289029535 2706.71312943157 2623.03464250038 2533.96875145673 2441.47373459352 2347.66662756862 2254.74648401784 2164.89838190782 2080.17997793290 2002.39697470122 1932.98025860164 1872.88405332376 1822.52800992164 1781.80312629071 1750.15025606532 1726.70340648036 1710.47424001670 1700.54526613854 1696.23935014799 1697.24010092815 1703.64725639750 1715.96041521344 1734.99290703391 1761.72635695634 1797.12619505502 1841.94737572099 1896.56404108725 1960.85297369990 2034.14798924255 2115.26524457523 2202.58456484135 2294.16431502297 2387.86771777251 2481.48401324175 2572.83474911093 2659.86120613417 2740.69258228502 2813.69629578021 2877.51228320029 2931.07309993719 2973.61140928626 3004.65629524182 3024.01981978517 3031.77534537537 3028.22929488660 3013.88815579388 2989.42259835081 2955.63053749688 2913.40081880586 2863.67896447832 2807.43610482821 2745.64187881692 2679.24174808461 2609.13886085795 2536.18034461364 2461.14770963665 2384.75091144880 2307.62554389043 2230.33260765599 2153.36031054942 2077.12739458929 2001.98754123689 1928.23447093824 1856.10742026268 1785.79674445474 1717.44945213025 1651.17453043960 1587.04796262535 1525.11737558953];
E3rms_or = [2419.41991202489 2500.77843200845 2583.79228885038 2668.27441599521 2753.99929907269 2840.69929695552 2928.06104376366 3015.72205504527 3103.26768851823 3190.22863810759 3276.07916821880 3360.23632140197 3442.06035441674 3520.85667231447 3595.87953420160 3666.33779427092 3731.40291394360 3790.21943242820 3841.91801144049 3885.63107444781 3920.51094279251 3945.75023402914 3960.60413807378 3964.41403322026 3956.63175778207 3936.84372637050 3904.79398485787 3860.40524550441 3803.79694089986 3735.29938500685 3655.46322893956 3565.06353990495 3465.09800110509 3356.77891276503 3241.51885429334 3120.91003294959 2996.69749092197 2870.74647789831 2745.00444331093 2621.45830261749 2502.08794146915 2388.81739821231 2283.46583687737 2187.70123473711 2103.00045909785 2030.61971499775 1971.57871294263 1926.65995324982 1896.42134111103 1881.21676704331 1881.21676704331 1896.42134111102 1926.65995324982 1971.57871294263 2030.61971499775 2103.00045909785 2187.70123473711 2283.46583687737 2388.81739821231 2502.08794146914 2621.45830261749 2745.00444331093 2870.74647789830 2996.69749092196 3120.91003294959 3241.51885429334 3356.77891276503 3465.09800110509 3565.06353990494 3655.46322893955 3735.29938500685 3803.79694089986 3860.40524550440 3904.79398485787 3936.84372637049 3956.63175778207 3964.41403322026 3960.60413807378 3945.75023402914 3920.51094279251 3885.63107444781 3841.91801144049 3790.21943242820 3731.40291394360 3666.33779427092 3595.87953420160 3520.85667231447 3442.06035441674 3360.23632140197 3276.07916821880 3190.22863810759 3103.26768851822 3015.72205504527 2928.06104376366 2840.69929695551 2753.99929907269 2668.27441599521 2583.79228885038 2500.77843200845 2419.41991202489];
E4rms_or = [2220.10530491133 2297.05824510243 2376.22034700783 2457.52362010670 2540.87623147735 2626.15957595027 2713.22519866164 2801.89160439989 2891.94100042606 2983.11603355914 3075.11659816693 3167.59680907762 3260.16225194631 3352.36764269565 3443.71504649060 3533.65282424886 3621.57548962349 3706.82467018880 3788.69137151374 3866.41974014423 3939.21250954342 4006.23829033534 4066.64083185793 4119.55033594053 4164.09684692940 4199.42567656742 4224.71475216755 4239.19370695548 4242.16446932342 4233.02306105256 4211.28229201761 4176.59504910240 4128.77792756884 4067.83504905888 3993.98205263712 3907.67042759437 3809.61256118147 3700.80806316729 3582.57203002287 3456.56579416212 3324.83014180780 3189.81960606965 3054.43369638469 2922.03612155909 2796.44568424927 2681.87311431135 2582.77000907781 2503.55740849767 2448.22465284260 2419.84182871881 2420.09713242580 2449.00887935291 2504.92317558943 2584.79798358597 2684.66358397040 2800.10979578738 2926.68803564255 3060.18418487511 3196.77111155896 3333.07309206925 3466.17592339979 3593.60850091404 3713.31224390506 3823.60736184945 3923.16013299273 4010.95260575050 4086.25474490593 4148.59847542536 4197.75295553339 4233.70051043763 4256.61284755898 4266.82738056845 4264.82367454817 4251.20016976892 4226.65144032813 4191.94629680327 4147.90705408593 4095.39026411966 4035.26916698079 3968.41805137196 3895.69864527018 3817.94858615248 3735.97195340791 3650.53178715003 3562.34447005904 3472.07581315112 3380.33866244104 3287.69183046550 3194.64015316069 3101.63547694115 3009.07839121615 2917.32053627840 2826.66733394508 2737.38100718579 2649.68377415226 2563.76112069589 2479.76507302042 2397.81740817123 2318.01275438162 2240.42154578734];